# these files were generated automatically, all changes will be lost
# David Faure, Script Kiddy, Aaron J. Seigo, Laurent Montel, Dirk Mueller, Stephan Kulow, Marco Martin
date commits1 commits2 commits3 commits4 commits5 commits6 commits7
1997-04-01 0 0 0 0 0 53 0
1997-05-01 0 0 0 0 0 30 0
1997-06-01 0 0 0 0 0 13 0
1997-07-01 0 0 0 0 0 44 0
1997-08-01 0 0 0 0 0 51 0
1997-09-01 0 0 0 0 0 46 0
1997-10-01 0 0 0 0 0 107 0
1997-11-01 0 0 0 0 0 58 0
1997-12-01 0 0 0 0 0 46 0
1998-01-01 0 0 0 0 0 97 0
1998-02-01 0 0 0 0 0 67 0
1998-03-01 0 0 0 0 0 74 0
1998-04-01 6 1 0 0 0 47 0
1998-05-01 0 0 0 0 0 49 0
1998-06-01 0 0 0 0 0 58 0
1998-07-01 3 0 0 0 0 20 0
1998-08-01 0 0 0 0 0 15 0
1998-09-01 4 0 0 0 0 34 0
1998-10-01 1 0 0 0 0 38 0
1998-11-01 11 1 0 0 0 31 0
1998-12-01 38 0 0 0 0 56 0
1999-01-01 6 0 0 0 0 93 0
1999-02-01 64 1 0 0 0 39 0
1999-03-01 140 0 0 0 0 86 0
1999-04-01 111 2 0 0 2 66 0
1999-05-01 119 5 0 0 21 131 0
1999-06-01 73 0 0 0 39 197 0
1999-07-01 20 9 0 0 40 53 0
1999-08-01 8 4 0 0 4 67 0
1999-09-01 65 4 0 0 17 21 0
1999-10-01 217 32 0 0 26 74 0
1999-11-01 338 27 0 0 29 82 0
1999-12-01 114 44 0 0 4 115 0
2000-01-01 178 55 0 0 11 93 0
2000-02-01 220 26 0 0 15 166 0
2000-03-01 277 44 0 1 41 39 0
2000-04-01 267 53 0 0 8 14 0
2000-05-01 300 90 0 0 22 69 0
2000-06-01 371 73 0 0 21 74 0
2000-07-01 358 45 0 0 95 124 0
2000-08-01 188 57 0 0 14 38 0
2000-09-01 231 94 0 0 132 65 0
2000-10-01 267 71 0 1 74 80 0
2000-11-01 306 29 0 2 82 13 0
2000-12-01 254 29 0 0 63 10 0
2001-01-01 281 54 0 1 74 106 0
2001-02-01 90 65 0 5 92 30 0
2001-03-01 163 41 0 2 140 107 0
2001-04-01 89 57 0 17 141 64 0
2001-05-01 59 62 0 18 111 64 0
2001-06-01 73 105 0 6 99 85 0
2001-07-01 79 103 0 39 118 77 0
2001-08-01 52 20 0 8 144 9 0
2001-09-01 83 46 0 48 100 1 0
2001-10-01 184 108 0 3 155 7 0
2001-11-01 168 80 0 14 104 12 0
2001-12-01 137 69 0 22 80 5 0
2002-01-01 132 71 7 17 127 47 0
2002-02-01 123 46 5 30 91 95 0
2002-03-01 134 52 7 18 97 104 0
2002-04-01 61 31 11 13 68 25 0
2002-05-01 67 18 17 5 70 120 0
2002-06-01 77 27 7 1 78 21 0
2002-07-01 81 53 26 11 49 32 0
2002-08-01 89 56 11 29 51 61 0
2002-09-01 108 79 10 14 104 47 0
2002-10-01 130 68 6 13 100 47 0
2002-11-01 103 38 2 43 93 24 0
2002-12-01 61 10 1 37 179 50 0
2003-01-01 98 23 16 51 265 18 0
2003-02-01 49 19 11 14 73 16 0
2003-03-01 28 37 3 53 30 30 0
2003-04-01 28 29 5 44 63 17 0
2003-05-01 27 31 7 24 47 57 0
2003-06-01 69 16 31 7 116 28 0
2003-07-01 46 22 19 20 73 11 0
2003-08-01 71 34 15 37 82 94 0
2003-09-01 55 54 17 28 63 39 0
2003-10-01 143 46 1 72 122 56 0
2003-11-01 52 60 4 44 50 64 0
2003-12-01 18 82 15 3 32 22 0
2004-01-01 87 49 6 22 129 47 0
2004-02-01 62 22 6 15 138 74 0
2004-03-01 78 22 4 27 82 23 0
2004-04-01 66 22 3 5 14 11 0
2004-05-01 94 54 0 18 3 29 0
2004-06-01 64 53 0 5 3 21 0
2004-07-01 26 63 0 3 0 35 0
2004-08-01 71 35 1 9 13 21 0
2004-09-01 145 28 3 9 8 27 0
2004-10-01 97 38 11 13 8 53 0
2004-11-01 104 32 12 4 114 42 0
2004-12-01 62 37 11 3 21 22 0
2005-01-01 75 111 9 7 24 36 0
2005-02-01 47 81 36 7 31 30 0
2005-03-01 66 41 1 5 23 15 0
2005-04-01 41 9 20 3 30 4 0
2005-05-01 90 64 6 14 8 106 0
2005-06-01 65 74 5 22 13 25 0
2005-07-01 35 67 8 31 60 22 0
2005-08-01 28 29 4 67 18 14 0
2005-09-01 109 24 15 273 21 51 0
2005-10-01 166 26 7 142 28 87 0
2005-11-01 32 7 1 253 21 35 0
2005-12-01 64 22 7 176 15 6 0
2006-01-01 107 46 8 400 43 10 0
2006-02-01 112 31 7 477 21 1 0
2006-03-01 104 23 22 380 45 14 0
2006-04-01 105 12 28 33 187 117 0
2006-05-01 192 18 26 102 62 111 0
2006-06-01 170 22 7 98 40 5 0
2006-07-01 75 18 14 135 81 93 0
2006-08-01 34 39 10 122 70 36 0
2006-09-01 89 16 5 88 60 15 0
2006-10-01 53 17 3 143 33 22 0
2006-11-01 75 16 1 139 18 25 0
2006-12-01 78 12 61 128 11 1 0
2007-01-01 118 36 56 127 18 13 0
2007-02-01 152 36 76 62 105 51 0
2007-03-01 208 115 114 104 48 45 0
2007-04-01 163 152 72 126 69 10 0
2007-05-01 131 163 153 168 64 35 0
2007-06-01 72 205 259 129 110 12 0
2007-07-01 44 186 278 159 98 4 0
2007-08-01 45 192 78 100 47 1 0
2007-09-01 79 152 95 101 24 0 0
2007-10-01 153 137 257 127 50 5 0
2007-11-01 117 133 422 53 47 0 0
2007-12-01 87 165 119 55 22 0 35
2008-01-01 140 168 270 150 35 0 61
2008-02-01 111 128 319 74 29 6 24
2008-03-01 114 140 170 153 22 0 28
2008-04-01 86 81 252 99 45 0 129
2008-05-01 100 152 262 85 41 0 153
2008-06-01 101 111 240 55 32 0 87
2008-07-01 96 106 249 72 71 0 59
2008-08-01 60 169 179 124 31 5 88
2008-09-01 113 166 320 77 11 1 77
2008-10-01 127 166 288 118 14 1 110
2008-11-01 84 195 297 94 20 0 136
2008-12-01 100 218 235 46 11 0 153
2009-01-01 183 204 286 70 29 4 95
2009-02-01 169 265 34 39 14 5 104
2009-03-01 158 230 91 75 10 2 98
2009-04-01 101 170 236 73 11 0 68
2009-05-01 38 184 199 20 25 0 110
2009-06-01 27 186 232 59 37 0 119
2009-07-01 70 195 121 89 32 0 136
2009-08-01 95 191 140 105 18 0 133
2009-09-01 135 210 200 89 9 0 232
2009-10-01 122 203 237 66 36 0 294
2009-11-01 113 207 210 48 19 0 194
2009-12-01 50 183 44 60 19 0 162
2010-01-01 85 238 266 38 43 0 172
2010-02-01 74 164 152 62 27 0 137
2010-03-01 68 214 177 29 17 0 169
2010-04-01 53 222 163 22 11 0 224
2010-05-01 61 177 279 40 18 0 228
2010-06-01 8 189 124 95 25 0 153
2010-07-01 76 224 91 85 37 0 91
2010-08-01 35 167 132 108 17 0 152
2010-09-01 61 174 197 80 10 0 38
2010-10-01 146 148 57 24 13 0 143
2010-11-01 104 145 73 22 29 0 42
2010-12-01 53 157 99 6 28 0 101
2011-01-01 26 182 142 27 25 0 146
2011-02-01 53 162 0 0 8 0 74
2011-03-01 12 93 0 0 3 0 49
2011-04-01 22 81 0 0 18 0 48
2011-05-01 2 122 0 0 15 0 19
2011-06-01 61 88 0 0 21 0 44
2011-07-01 3 173 0 0 15 0 44
2011-08-01 93 104 0 0 2 0 18
2011-09-01 39 104 0 0 9 0 50
2011-10-01 35 108 0 0 8 1 67
2011-11-01 57 90 0 0 5 0 174
2011-12-01 82 128 0 0 18 0 131
