# these files were generated automatically, all changes will be lost
# iliaa, helly, tony2001, sniper, changelog, pajoye, dmitry
date commits1 commits2 commits3 commits4 commits5 commits6 commits7
1999-04-01 0 0 0 0 0 0 0
1999-05-01 0 0 0 0 0 0 0
1999-06-01 0 0 0 0 0 0 0
1999-07-01 0 0 0 0 0 0 0
1999-08-01 0 0 0 0 0 0 0
1999-09-01 0 0 0 0 0 0 0
1999-10-01 0 0 0 0 33 0 0
1999-11-01 0 0 0 0 49 0 0
1999-12-01 0 0 0 0 54 0 0
2000-01-01 0 0 0 0 12 0 0
2000-02-01 0 0 0 0 45 0 0
2000-03-01 0 0 0 0 32 0 0
2000-04-01 0 0 0 0 26 0 0
2000-05-01 0 0 0 0 44 0 0
2000-06-01 0 0 0 0 49 0 0
2000-07-01 0 0 0 13 57 0 0
2000-08-01 0 0 0 5 47 0 0
2000-09-01 0 0 0 13 36 0 0
2000-10-01 0 0 0 21 41 0 0
2000-11-01 0 0 0 30 43 0 0
2000-12-01 0 0 0 26 36 0 0
2001-01-01 0 0 0 19 44 0 0
2001-02-01 0 0 0 2 40 0 0
2001-03-01 0 0 0 44 40 0 0
2001-04-01 0 0 0 26 35 0 0
2001-05-01 0 0 0 90 43 0 0
2001-06-01 0 0 0 63 0 0 0
2001-07-01 0 0 0 21 32 0 0
2001-08-01 0 0 0 98 44 0 0
2001-09-01 0 0 0 18 40 0 0
2001-10-01 0 0 0 41 49 0 0
2001-11-01 0 0 0 43 41 0 0
2001-12-01 0 0 0 18 40 0 0
2002-01-01 1 0 0 5 42 0 0
2002-02-01 0 2 0 6 35 0 0
2002-03-01 0 74 0 79 45 0 0
2002-04-01 0 32 0 107 44 0 0
2002-05-01 0 0 0 31 43 0 0
2002-06-01 0 26 0 61 44 0 0
2002-07-01 0 13 0 82 45 0 0
2002-08-01 20 115 0 53 43 7 0
2002-09-01 36 5 0 48 40 0 0
2002-10-01 95 92 0 81 45 4 0
2002-11-01 132 205 0 29 5 0 0
2002-12-01 139 99 0 31 17 10 0
2003-01-01 164 30 0 61 37 3 0
2003-02-01 117 45 0 203 37 4 0
2003-03-01 64 38 0 130 38 3 0
2003-04-01 69 55 0 88 11 2 0
2003-05-01 60 151 0 79 15 4 0
2003-06-01 95 84 0 83 26 16 0
2003-07-01 59 100 0 129 20 21 0
2003-08-01 125 163 0 120 34 9 0
2003-09-01 60 93 0 97 29 2 0
2003-10-01 54 59 0 45 30 1 0
2003-11-01 76 91 0 50 30 0 0
2003-12-01 82 130 11 67 30 5 17
2004-01-01 73 109 16 79 31 21 90
2004-02-01 82 40 7 62 29 9 59
2004-03-01 85 110 1 10 31 27 17
2004-04-01 58 60 1 15 30 0 13
2004-05-01 116 48 1 0 30 10 6
2004-06-01 56 23 2 0 29 5 4
2004-07-01 64 57 4 0 30 1 6
2004-08-01 71 81 37 0 31 0 18
2004-09-01 38 102 13 4 28 0 25
2004-10-01 32 73 20 0 30 0 7
2004-11-01 50 42 29 0 28 6 23
2004-12-01 77 7 41 63 30 5 26
2005-01-01 46 46 78 146 30 0 36
2005-02-01 64 120 14 91 28 13 15
2005-03-01 53 143 17 88 31 3 19
2005-04-01 51 22 38 190 30 4 50
2005-05-01 40 35 47 71 30 4 36
2005-06-01 61 19 31 130 30 6 135
2005-07-01 65 33 12 58 31 5 46
2005-08-01 68 52 23 108 31 11 120
2005-09-01 66 70 62 69 29 9 94
2005-10-01 101 156 138 48 32 7 108
2005-11-01 91 88 52 118 30 3 57
2005-12-01 123 145 149 136 30 53 44
2006-01-01 53 109 69 50 31 14 17
2006-02-01 43 109 56 1 28 16 62
2006-03-01 43 144 103 0 31 29 106
2006-04-01 40 25 74 19 30 4 53
2006-05-01 56 184 126 0 31 52 59
2006-06-01 46 26 127 2 15 2 21
2006-07-01 64 107 157 31 31 59 73
2006-08-01 88 16 271 0 31 45 32
2006-09-01 78 1 135 0 30 22 67
2006-10-01 79 6 117 0 30 38 31
2006-11-01 107 26 127 0 28 32 83
2006-12-01 173 35 252 0 31 26 56
2007-01-01 73 124 133 0 29 5 30
2007-02-01 50 75 150 0 28 9 57
2007-03-01 39 67 91 7 31 20 23
2007-04-01 29 31 158 25 28 34 47
2007-05-01 58 129 158 17 31 24 40
2007-06-01 56 0 121 49 29 28 57
2007-07-01 22 0 104 6 30 2 94
2007-08-01 30 0 56 0 30 12 30
2007-09-01 42 0 42 0 30 7 45
2007-10-01 50 10 35 0 31 2 56
2007-11-01 50 16 69 0 29 0 91
2007-12-01 42 10 21 0 29 0 54
2008-01-01 46 40 57 0 31 6 71
2008-02-01 44 90 38 0 29 4 61
2008-03-01 49 46 74 0 31 6 53
2008-04-01 26 8 40 0 28 6 33
2008-05-01 16 11 45 0 31 10 28
2008-06-01 0 18 34 0 30 23 37
2008-07-01 0 33 127 0 31 93 89
2008-08-01 2 52 88 0 31 162 60
2008-09-01 16 0 25 0 29 13 20
2008-10-01 40 0 18 0 30 14 26
2008-11-01 31 9 6 0 30 68 14
2008-12-01 33 38 20 0 30 58 2
2009-01-01 54 36 76 0 31 89 22
2009-02-01 47 0 17 0 26 9 13
2009-03-01 40 5 4 0 29 44 49
2009-04-01 39 0 15 0 29 89 22
2009-05-01 55 0 22 0 31 99 3
2009-06-01 44 0 11 0 30 85 2
2009-07-01 29 0 17 0 9 72 3
2009-08-01 36 0 20 0 0 76 14
2009-09-01 48 0 5 0 0 49 42
2009-10-01 34 0 4 0 0 101 3
2009-11-01 49 0 0 0 0 17 13
2009-12-01 39 0 47 0 0 28 19
2010-01-01 63 0 7 0 0 93 2
2010-02-01 21 0 0 0 0 143 2
2010-03-01 22 0 0 0 0 3 0
2010-04-01 13 0 37 0 0 41 22
2010-05-01 16 0 8 0 0 32 36
2010-06-01 17 0 12 0 0 64 12
2010-07-01 4 0 2 0 0 11 30
2010-08-01 20 0 0 0 0 33 27
2010-09-01 2 0 1 0 0 93 12
2010-10-01 7 0 2 0 0 13 21
2010-11-01 34 0 0 0 0 28 10
2010-12-01 39 0 5 0 0 44 5
2011-01-01 35 0 2 0 0 100 5
2011-02-01 13 0 2 0 0 34 4
2011-03-01 2 0 3 0 0 14 9
2011-04-01 6 0 0 0 0 12 15
2011-05-01 16 0 9 0 0 16 16
2011-06-01 40 0 0 0 0 20 0
2011-07-01 12 0 0 0 0 109 15
2011-08-01 40 0 0 0 0 83 16
2011-09-01 9 0 3 0 0 287 24
2011-10-01 9 0 0 0 0 10 0
2011-11-01 3 0 16 0 0 17 24
2011-12-01 3 0 0 0 0 75 24
